Temp Voltage Resistance 
39.116167792687406 1.3940425428022096 731.4132524509666
39.410636736485856 1.3890423902096622 726.8828900720944
39.410636736485856 1.3890423902096622 726.8828900720944
39.29274811754391 1.391042451246681 728.6921870814402
39.29274811754391 1.391042451246681 728.6921870814402
39.29274811754391 1.391042451246681 728.6921870814402
39.410636736485856 1.3890423902096622 726.8828900720944
39.58772375995284 1.3860422986541339 724.176034652955
39.82431725385766 1.3820421765800959 720.5800668315956
